%YAML:1.0
---
K: !!opencv-matrix
   rows: 3
   cols: 3
   dt: d
   data: [ 2.8228722118222113e+03, 0., 2.3423438788540952e+03, 0.,
       2.7598796408529383e+03, 1.3660631709646882e+03, 0., 0., 1. ]
D: !!opencv-matrix
   rows: 1
   cols: 5
   dt: d
   data: [ -1.5540099036655874e-01, 7.3720378035227119e-01,
       3.5551491301095677e-03, 6.3708518101759041e-03,
       -1.1345504384141534e+00 ]
